108 1.00425
154 0.969243
155 0.97336
157 0.979254
159 0.979379
162 0.984575
165 0.9907
168 0.996443
171 1.00221
174 1.00856
177 1.01496
180 1.02128
183 1.02778
186 1.0341
188 1.04133
191 1.05526
195 1.07765
199 1.10229
203 1.12972
207 1.15999
211 1.19347
215 1.23148
219 1.27583
222 1.31115
223 1.32627
225 1.3515
228 1.38648
231 1.42295
234 1.46119
237 1.50284
239 1.53211
240 1.54561
242 1.56856
245 1.60014
248 1.63128
251 1.6624
253 1.68281
254 1.69165
256 1.70967
258 1.7283
259 1.73965
260 1.74187
262 1.74539
269 1.7541
270 1.75469
271 1.75619
272 1.75825
273 1.76148
274 1.76607
275 1.77095
276 1.77589
277 1.78192
278 1.78817
279 1.79429
280 1.80083
281 1.80733
282 1.81319
283 1.81877
284 1.82413
