102 1.03913
135 0.988506
136 0.989704
138 0.998109
141 1.01581
144 1.03583
147 1.06594
152 1.08479
155 1.08678
158 1.08853
160 1.08961
161 1.09424
163 1.10934
165 1.12827
166 1.12908
168 1.12914
171 1.12972
174 1.13088
177 1.13215
180 1.1334
183 1.13493
186 1.13649
189 1.13804
192 1.13968
195 1.14128
197 1.14504
200 1.15356
204 1.16867
208 1.18582
212 1.20509
216 1.22633
220 1.24961
224 1.27513
228 1.30297
232 1.33357
236 1.36803
240 1.4085
243 1.44099
244 1.45529
246 1.4796
249 1.51356
252 1.54952
255 1.58819
258 1.63154
260 1.66222
261 1.67627
263 1.70006
266 1.73187
269 1.76212
272 1.79094
275 1.81913
278 1.84659
281 1.87372
283 1.89105
284 1.89811
286 1.91301
288 1.92855
289 1.93782
290 1.94799
291 1.95907
292 1.97116
