120 1.00405
156 0.981175
158 0.981424
161 0.987352
164 0.993384
167 0.998934
170 1.00504
173 1.01117
176 1.01719
179 1.02345
182 1.02956
185 1.03542
187 1.04234
190 1.0555
194 1.0767
198 1.10032
202 1.12619
206 1.15436
210 1.18552
214 1.21986
218 1.25839
222 1.30404
225 1.34049
226 1.35561
228 1.38124
231 1.4167
234 1.45284
237 1.49119
240 1.53311
242 1.56177
243 1.57477
245 1.59738
248 1.62813
251 1.65829
254 1.68755
257 1.71692
259 1.73652
260 1.74509
262 1.7624
264 1.78028
265 1.79079
266 1.80247
267 1.80414
269 1.80541
271 1.80993
273 1.81411
275 1.81851
277 1.8287
279 1.83913
280 1.84296
