99 0.985108
109 0.972365
110 0.975566
112 0.986171
114 0.996973
116 1.00921
118 1.02116
120 1.03135
143 1.03756
145 1.0406
148 1.04985
152 1.069
156 1.09048
160 1.11354
164 1.13734
168 1.16143
172 1.18557
176 1.2095
180 1.23298
184 1.25573
188 1.2775
192 1.29797
196 1.31684
200 1.33373
204 1.34824
207 1.3589
208 1.36927
210 1.39304
212 1.41917
213 1.43662
214 1.45372
215 1.47164
216 1.4912
217 1.51017
218 1.52986
219 1.55109
220 1.57172
221 1.59307
222 1.6157
223 1.63713
245 1.65496
247 1.65549
250 1.6587
254 1.66649
258 1.68183
262 1.70206
265 1.71881
266 1.72882
268 1.74341
271 1.76163
274 1.78295
277 1.80423
280 1.82592
283 1.85188
285 1.86656
287 1.87966
288 1.88673
